image_00000 124 217 140 231
image_00001 126 215 142 233
image_00002 125 216 142 233
image_00003 127 215 142 232
image_00004 127 214 142 233
image_00005 126 214 141 231
image_00006 128 212 142 232
image_00007 127 214 142 232
image_00008 125 213 143 233
image_00009 126 212 143 233
image_00010 125 212 143 234
image_00011 125 212 143 235
image_00012 121 199 143 235
image_00013 121 202 145 236
image_00014 119 202 147 236
image_00015 119 204 150 237
image_00016 116 204 152 236
image_00017 117 204 154 236
image_00018 117 203 156 236
image_00019 117 204 156 237
image_00020 118 205 156 237
image_00021 121 204 157 237
image_00022 120 204 157 238
image_00023 120 204 156 237
image_00024 120 204 154 238
image_00025 120 203 157 238
image_00026 118 203 157 238
image_00027 119 205 158 238
image_00028 119 203 157 238
image_00029 119 205 156 239
image_00030 135 204 157 239
image_00031 135 204 157 240
image_00032 134 204 158 239
image_00033 136 203 158 239
image_00034 137 205 158 240
image_00035 138 204 166 240
image_00036 138 204 166 242
image_00037 138 205 166 241
image_00038 137 205 165 240
image_00039 137 206 164 240
image_00040 136 207 165 241
image_00041 136 205 165 241
image_00042 136 203 165 240
image_00043 134 200 165 241
image_00044 135 201 165 241
image_00045 133 199 166 241
image_00046 130 199 166 239
image_00047 133 199 166 240
image_00048 137 200 165 240
image_00049 142 199 163 220
image_00050 141 200 165 220
image_00051 147 202 163 216
image_00052 146 202 162 215
image_00053 149 202 163 215
image_00054 148 203 162 215
image_00055 149 203 163 213
image_00056 148 203 160 213
image_00057 151 204 161 212
image_00058 150 203 159 211
image_00059 152 203 159 212
image_00060 151 201 158 210
image_00061 150 201 158 210
image_00062 151 199 158 210
image_00063 148 201 157 210
